PV Name,Value Written,Value Read,Time,Delta
process_data_read627:temperature,1254,1254.0,1626165322800,0.0
process_data_read627:temperature,1255,1254.0,1626165322800,0.0
process_data_read627:temperature,1256,1254.0,1626165322800,0.0
process_data_read627:temperature,1257,1254.0,1626165322800,0.0
process_data_read627:temperature,1258,1254.0,1626165322800,0.0
process_data_read627:temperature,1259,1254.0,1626165322800,0.0
process_data_read627:temperature,1260,1254.0,1626165322800,0.0
process_data_read627:temperature,1261,1254.0,1626165322800,0.0
process_data_read627:temperature,1262,1254.0,1626165322800,0.0
process_data_read627:temperature,1263,1254.0,1626165322800,0.0
process_data_read627:temperature,1264,1254.0,1626165322800,0.0
process_data_read627:temperature,1265,1254.0,1626165322800,0.0
process_data_read627:temperature,1266,1254.0,1626165322800,0.0
process_data_read627:temperature,1267,1254.0,1626165322800,0.0
process_data_read627:temperature,1268,1254.0,1626165322800,0.0
process_data_read627:temperature,1269,1254.0,1626165322800,0.0
process_data_read627:temperature,1270,1254.0,1626165322800,0.0
process_data_read627:temperature,1271,1254.0,1626165322800,0.0
process_data_read627:temperature,1272,1254.0,1626165322800,0.0
process_data_read627:temperature,1273,1257.0,1626165323753,953.0
process_data_read627:temperature,1274,1264.0,1626165323908,155.0
process_data_read627:temperature,1275,1267.0,1626165323976,68.0
process_data_read627:temperature,1276,1269.0,1626165324020,44.0
process_data_read627:temperature,1277,1272.0,1626165324083,63.0
process_data_read627:temperature,1278,1275.0,1626165324149,66.0
process_data_read627:temperature,1279,1278.0,1626165324212,63.0
process_data_read627:temperature,1280,1280.0,1626165324253,41.0
process_data_read627:temperature,1281,1281.0,1626165324276,23.0
process_data_read627:temperature,1282,1282.0,1626165324297,21.0
process_data_read627:temperature,1283,1283.0,1626165324317,20.0
