PV Name,Value Written,Value Read,Time,Delta
process_data_read583:temperature,1166,1166.0,1626110306499,0.0
process_data_read583:temperature,1167,1166.0,1626110306499,0.0
process_data_read583:temperature,1168,1168.0,1626110306960,461.0
process_data_read583:temperature,1169,1169.0,1626110307010,50.0
process_data_read583:temperature,1170,1170.0,1626110307061,51.0
process_data_read583:temperature,1171,1171.0,1626110307112,51.0
process_data_read583:temperature,1172,1172.0,1626110307163,51.0
process_data_read583:temperature,1173,1173.0,1626110307214,51.0
process_data_read583:temperature,1174,1174.0,1626110307266,52.0
process_data_read583:temperature,1175,1175.0,1626110307317,51.0
process_data_read583:temperature,1176,1176.0,1626110307370,53.0
process_data_read583:temperature,1177,1177.0,1626110307420,50.0
process_data_read583:temperature,1178,1178.0,1626110307471,51.0
process_data_read583:temperature,1179,1179.0,1626110307521,50.0
process_data_read583:temperature,1180,1180.0,1626110307572,51.0
process_data_read583:temperature,1181,1181.0,1626110307623,51.0
process_data_read583:temperature,1182,1182.0,1626110307686,63.0
process_data_read583:temperature,1183,1183.0,1626110307739,53.0
process_data_read583:temperature,1184,1184.0,1626110307790,51.0
process_data_read583:temperature,1185,1185.0,1626110307844,54.0
