PV Name,Value Written,Value Read,Time,Delta
process_data_read1838:temperature,3676,3676.0,1626110335223,0.0
process_data_read1838:temperature,3677,3676.0,1626110335223,0.0
process_data_read1838:temperature,3678,3676.0,1626110335223,0.0
process_data_read1838:temperature,3679,3676.0,1626110335223,0.0
process_data_read1838:temperature,3680,3676.0,1626110335223,0.0
process_data_read1838:temperature,3681,3681.0,1626110336188,965.0
process_data_read1838:temperature,3682,3682.0,1626110336233,45.0
process_data_read1838:temperature,3683,3683.0,1626110336283,50.0
process_data_read1838:temperature,3684,3684.0,1626110336334,51.0
process_data_read1838:temperature,3685,3685.0,1626110336384,50.0
process_data_read1838:temperature,3686,3686.0,1626110336434,50.0
process_data_read1838:temperature,3687,3687.0,1626110336485,51.0
process_data_read1838:temperature,3688,3688.0,1626110336542,57.0
process_data_read1838:temperature,3689,3689.0,1626110336593,51.0
process_data_read1838:temperature,3690,3690.0,1626110336644,51.0
process_data_read1838:temperature,3691,3691.0,1626110336694,50.0
process_data_read1838:temperature,3692,3692.0,1626110336745,51.0
process_data_read1838:temperature,3693,3693.0,1626110336795,50.0
process_data_read1838:temperature,3694,3694.0,1626110336846,51.0
process_data_read1838:temperature,3695,3695.0,1626110336897,51.0
