PV Name,Value Written,Value Read,Time,Delta
process_data_read653:temperature,1306,1306.0,1626164934799,0.0
process_data_read653:temperature,1307,1306.0,1626164934799,0.0
process_data_read653:temperature,1308,1306.0,1626164934799,0.0
process_data_read653:temperature,1309,1308.0,1626164935382,583.0
process_data_read653:temperature,1310,1310.0,1626164935486,104.0
process_data_read653:temperature,1311,1311.0,1626164935536,50.0
process_data_read653:temperature,1312,1312.0,1626164935587,51.0
process_data_read653:temperature,1313,1313.0,1626164935637,50.0
process_data_read653:temperature,1314,1314.0,1626164935687,50.0
process_data_read653:temperature,1315,1315.0,1626164935737,50.0
process_data_read653:temperature,1316,1316.0,1626164935787,50.0
process_data_read653:temperature,1317,1317.0,1626164935838,51.0
process_data_read653:temperature,1318,1318.0,1626164935888,50.0
process_data_read653:temperature,1319,1319.0,1626164935940,52.0
process_data_read653:temperature,1320,1320.0,1626164935991,51.0
process_data_read653:temperature,1321,1321.0,1626164936044,53.0
process_data_read653:temperature,1322,1322.0,1626164936095,51.0
process_data_read653:temperature,1323,1323.0,1626164936149,54.0
process_data_read653:temperature,1324,1324.0,1626164936204,55.0
process_data_read653:temperature,1325,1325.0,1626164936279,75.0
