PV Name,Value Written,Value Read,Time,Delta
process_data_read37:temperature,74,74.0,1626165226157,0.0
process_data_read37:temperature,75,74.0,1626165226157,0.0
process_data_read37:temperature,76,74.0,1626165226157,0.0
process_data_read37:temperature,77,74.0,1626165226157,0.0
process_data_read37:temperature,78,74.0,1626165226157,0.0
process_data_read37:temperature,79,74.0,1626165226157,0.0
process_data_read37:temperature,80,74.0,1626165226157,0.0
process_data_read37:temperature,81,74.0,1626165226157,0.0
process_data_read37:temperature,82,74.0,1626165226157,0.0
process_data_read37:temperature,83,74.0,1626165226157,0.0
process_data_read37:temperature,84,74.0,1626165226157,0.0
process_data_read37:temperature,85,74.0,1626165226157,0.0
process_data_read37:temperature,86,74.0,1626165226157,0.0
process_data_read37:temperature,87,74.0,1626165226157,0.0
process_data_read37:temperature,88,74.0,1626165226157,0.0
process_data_read37:temperature,89,74.0,1626165226157,0.0
process_data_read37:temperature,90,74.0,1626165226157,0.0
process_data_read37:temperature,91,74.0,1626165226157,0.0
process_data_read37:temperature,92,74.0,1626165226157,0.0
process_data_read37:temperature,93,74.0,1626165226157,0.0
process_data_read37:temperature,94,74.0,1626165226157,0.0
process_data_read37:temperature,95,75.0,1626165226805,648.0
process_data_read37:temperature,96,81.0,1626165226943,138.0
process_data_read37:temperature,97,85.0,1626165227044,101.0
process_data_read37:temperature,98,89.0,1626165227148,104.0
process_data_read37:temperature,99,92.0,1626165227220,72.0
process_data_read37:temperature,100,96.0,1626165227306,86.0
process_data_read37:temperature,101,100.0,1626165227394,88.0
process_data_read37:temperature,102,102.0,1626165227453,59.0
process_data_read37:temperature,103,103.0,1626165227479,26.0
