PV Name,Value Written,Value Read,Time,Delta
process_data_read1266:temperature,2532,2532.0,1626164558924,0.0
process_data_read1266:temperature,2533,2533.0,1626164559382,458.0
process_data_read1266:temperature,2534,2534.0,1626164559489,107.0
process_data_read1266:temperature,2535,2535.0,1626164559595,106.0
process_data_read1266:temperature,2536,2536.0,1626164559695,100.0
process_data_read1266:temperature,2537,2537.0,1626164559795,100.0
process_data_read1266:temperature,2538,2538.0,1626164559895,100.0
process_data_read1266:temperature,2539,2539.0,1626164559996,101.0
process_data_read1266:temperature,2540,2540.0,1626164560096,100.0
process_data_read1266:temperature,2541,2541.0,1626164560198,102.0
