PV Name,Value Written,Value Read,Time,Delta
process_data_read1127:temperature,2254,2254.0,1626164556338,0.0
process_data_read1127:temperature,2255,2254.0,1626164556338,0.0
process_data_read1127:temperature,2256,2256.0,1626164557060,722.0
process_data_read1127:temperature,2257,2257.0,1626164557162,102.0
process_data_read1127:temperature,2258,2258.0,1626164557265,103.0
process_data_read1127:temperature,2259,2259.0,1626164557366,101.0
process_data_read1127:temperature,2260,2260.0,1626164557467,101.0
process_data_read1127:temperature,2261,2261.0,1626164557568,101.0
process_data_read1127:temperature,2262,2262.0,1626164557669,101.0
process_data_read1127:temperature,2263,2263.0,1626164557769,100.0
