PV Name,Value Written,Value Read,Time,Delta
process_data_read1064:temperature,2128,2128.0,1626164554474,0.0
process_data_read1064:temperature,2129,2129.0,1626164554912,438.0
process_data_read1064:temperature,2130,2130.0,1626164555013,101.0
process_data_read1064:temperature,2131,2131.0,1626164555113,100.0
process_data_read1064:temperature,2132,2132.0,1626164555213,100.0
process_data_read1064:temperature,2133,2133.0,1626164555313,100.0
process_data_read1064:temperature,2134,2134.0,1626164555414,101.0
process_data_read1064:temperature,2135,2135.0,1626164555514,100.0
process_data_read1064:temperature,2136,2136.0,1626164555616,102.0
process_data_read1064:temperature,2137,2137.0,1626164555721,105.0
