PV Name,Value Written,Value Read,Time,Delta
process_data_read1475:temperature,2950,2950.0,1626165441315,0.0
process_data_read1475:temperature,2951,2950.0,1626165441315,0.0
process_data_read1475:temperature,2952,2950.0,1626165441315,0.0
process_data_read1475:temperature,2953,2950.0,1626165441315,0.0
process_data_read1475:temperature,2954,2950.0,1626165441315,0.0
process_data_read1475:temperature,2955,2950.0,1626165441315,0.0
process_data_read1475:temperature,2956,2950.0,1626165441315,0.0
process_data_read1475:temperature,2957,2950.0,1626165441315,0.0
process_data_read1475:temperature,2958,2950.0,1626165441315,0.0
process_data_read1475:temperature,2959,2951.0,1626165441863,548.0
process_data_read1475:temperature,2960,2953.0,1626165441909,46.0
process_data_read1475:temperature,2961,2956.0,1626165441977,68.0
process_data_read1475:temperature,2962,2959.0,1626165442044,67.0
process_data_read1475:temperature,2963,2963.0,1626165442127,83.0
process_data_read1475:temperature,2964,2964.0,1626165442147,20.0
process_data_read1475:temperature,2965,2965.0,1626165442169,22.0
process_data_read1475:temperature,2966,2966.0,1626165442193,24.0
process_data_read1475:temperature,2967,2967.0,1626165442215,22.0
process_data_read1475:temperature,2968,2968.0,1626165442254,39.0
process_data_read1475:temperature,2969,2969.0,1626165442287,33.0
process_data_read1475:temperature,2970,2970.0,1626165442308,21.0
process_data_read1475:temperature,2971,2971.0,1626165442331,23.0
process_data_read1475:temperature,2972,2972.0,1626165442352,21.0
process_data_read1475:temperature,2973,2973.0,1626165442376,24.0
process_data_read1475:temperature,2974,2974.0,1626165442398,22.0
process_data_read1475:temperature,2975,2975.0,1626165442422,24.0
process_data_read1475:temperature,2976,2976.0,1626165442443,21.0
process_data_read1475:temperature,2977,2977.0,1626165442463,20.0
process_data_read1475:temperature,2978,2978.0,1626165442484,21.0
process_data_read1475:temperature,2979,2979.0,1626165442504,20.0
