PV Name,Value Written,Value Read,Time,Delta
process_data_read858:temperature,1716,1716.0,1626165427818,0.0
process_data_read858:temperature,1717,1716.0,1626165427818,0.0
process_data_read858:temperature,1718,1716.0,1626165427818,0.0
process_data_read858:temperature,1719,1716.0,1626165427818,0.0
process_data_read858:temperature,1720,1716.0,1626165427818,0.0
process_data_read858:temperature,1721,1716.0,1626165427818,0.0
process_data_read858:temperature,1722,1716.0,1626165427818,0.0
process_data_read858:temperature,1723,1716.0,1626165427818,0.0
process_data_read858:temperature,1724,1716.0,1626165427818,0.0
process_data_read858:temperature,1725,1716.0,1626165427818,0.0
process_data_read858:temperature,1726,1716.0,1626165427818,0.0
process_data_read858:temperature,1727,1716.0,1626165427818,0.0
process_data_read858:temperature,1728,1716.0,1626165427818,0.0
process_data_read858:temperature,1729,1719.0,1626165428537,719.0
process_data_read858:temperature,1730,1722.0,1626165428602,65.0
process_data_read858:temperature,1731,1725.0,1626165428676,74.0
process_data_read858:temperature,1732,1728.0,1626165428738,62.0
process_data_read858:temperature,1733,1729.0,1626165428759,21.0
process_data_read858:temperature,1734,1733.0,1626165428843,84.0
process_data_read858:temperature,1735,1735.0,1626165428897,54.0
process_data_read858:temperature,1736,1736.0,1626165428919,22.0
process_data_read858:temperature,1737,1737.0,1626165428940,21.0
process_data_read858:temperature,1738,1738.0,1626165428963,23.0
process_data_read858:temperature,1739,1739.0,1626165428984,21.0
process_data_read858:temperature,1740,1740.0,1626165429005,21.0
process_data_read858:temperature,1741,1741.0,1626165429029,24.0
process_data_read858:temperature,1742,1742.0,1626165429050,21.0
process_data_read858:temperature,1743,1743.0,1626165429071,21.0
process_data_read858:temperature,1744,1744.0,1626165429096,25.0
process_data_read858:temperature,1745,1745.0,1626165429117,21.0
