PV Name,Value Written,Value Read,Time,Delta
process_data_read592:temperature,1184,1184.0,1626165017404,0.0
process_data_read592:temperature,1185,1185.0,1626165017703,299.0
process_data_read592:temperature,1186,1186.0,1626165017754,51.0
process_data_read592:temperature,1187,1187.0,1626165017804,50.0
process_data_read592:temperature,1188,1188.0,1626165017854,50.0
process_data_read592:temperature,1189,1189.0,1626165017904,50.0
process_data_read592:temperature,1190,1190.0,1626165017955,51.0
process_data_read592:temperature,1191,1191.0,1626165018005,50.0
process_data_read592:temperature,1192,1192.0,1626165018055,50.0
process_data_read592:temperature,1193,1193.0,1626165018106,51.0
process_data_read592:temperature,1194,1194.0,1626165018162,56.0
process_data_read592:temperature,1195,1195.0,1626165018213,51.0
process_data_read592:temperature,1196,1196.0,1626165018264,51.0
process_data_read592:temperature,1197,1197.0,1626165018314,50.0
process_data_read592:temperature,1198,1198.0,1626165018364,50.0
process_data_read592:temperature,1199,1199.0,1626165018415,51.0
process_data_read592:temperature,1200,1200.0,1626165018468,53.0
process_data_read592:temperature,1201,1201.0,1626165018533,65.0
process_data_read592:temperature,1202,1202.0,1626165018587,54.0
process_data_read592:temperature,1203,1203.0,1626165018652,65.0
