PV Name,Value Written,Value Read,Time,Delta
process_data_read588:temperature,1176,1176.0,1626165017340,0.0
process_data_read588:temperature,1177,1177.0,1626165017696,356.0
process_data_read588:temperature,1178,1178.0,1626165017746,50.0
process_data_read588:temperature,1179,1179.0,1626165017797,51.0
process_data_read588:temperature,1180,1180.0,1626165017847,50.0
process_data_read588:temperature,1181,1181.0,1626165017897,50.0
process_data_read588:temperature,1182,1182.0,1626165017947,50.0
process_data_read588:temperature,1183,1183.0,1626165017997,50.0
process_data_read588:temperature,1184,1184.0,1626165018051,54.0
process_data_read588:temperature,1185,1185.0,1626165018103,52.0
process_data_read588:temperature,1186,1186.0,1626165018153,50.0
process_data_read588:temperature,1187,1187.0,1626165018204,51.0
process_data_read588:temperature,1188,1188.0,1626165018254,50.0
process_data_read588:temperature,1189,1189.0,1626165018304,50.0
process_data_read588:temperature,1190,1190.0,1626165018355,51.0
process_data_read588:temperature,1191,1191.0,1626165018405,50.0
process_data_read588:temperature,1192,1192.0,1626165018459,54.0
process_data_read588:temperature,1193,1193.0,1626165018519,60.0
process_data_read588:temperature,1194,1194.0,1626165018570,51.0
process_data_read588:temperature,1195,1195.0,1626165018646,76.0
