PV Name,Value Written,Value Read,Time,Delta
process_data_read365:temperature,730,730.0,1626164836788,0.0
process_data_read365:temperature,731,730.0,1626164836788,0.0
process_data_read365:temperature,732,730.0,1626164836788,0.0
process_data_read365:temperature,733,733.0,1626164837412,624.0
process_data_read365:temperature,734,734.0,1626164837462,50.0
process_data_read365:temperature,735,735.0,1626164837513,51.0
process_data_read365:temperature,736,736.0,1626164837563,50.0
process_data_read365:temperature,737,737.0,1626164837614,51.0
process_data_read365:temperature,738,738.0,1626164837664,50.0
process_data_read365:temperature,739,739.0,1626164837715,51.0
process_data_read365:temperature,740,740.0,1626164837765,50.0
process_data_read365:temperature,741,741.0,1626164837815,50.0
process_data_read365:temperature,742,742.0,1626164837865,50.0
process_data_read365:temperature,743,743.0,1626164837916,51.0
process_data_read365:temperature,744,744.0,1626164837966,50.0
process_data_read365:temperature,745,745.0,1626164838019,53.0
process_data_read365:temperature,746,746.0,1626164838071,52.0
process_data_read365:temperature,747,747.0,1626164838122,51.0
process_data_read365:temperature,748,748.0,1626164838183,61.0
process_data_read365:temperature,749,749.0,1626164838238,55.0
