PV Name,Value Written,Value Read,Time,Delta
process_data_read865:temperature,1730,1730.0,1626109041485,0.0
process_data_read865:temperature,1731,1731.0,1626109042047,562.0
process_data_read865:temperature,1732,1732.0,1626109042149,102.0
process_data_read865:temperature,1733,1733.0,1626109042249,100.0
process_data_read865:temperature,1734,1734.0,1626109042350,101.0
process_data_read865:temperature,1735,1735.0,1626109042450,100.0
process_data_read865:temperature,1736,1736.0,1626109042551,101.0
process_data_read865:temperature,1737,1737.0,1626109042651,100.0
process_data_read865:temperature,1738,1738.0,1626109042752,101.0
process_data_read865:temperature,1739,1739.0,1626109042859,107.0
