PV Name,Value Written,Value Read,Time,Delta
process_data_read37:temperature,74,74.0,1626109023587,0.0
process_data_read37:temperature,75,74.0,1626109023587,0.0
process_data_read37:temperature,76,76.0,1626109024258,671.0
process_data_read37:temperature,77,77.0,1626109024361,103.0
process_data_read37:temperature,78,78.0,1626109024463,102.0
process_data_read37:temperature,79,79.0,1626109024563,100.0
process_data_read37:temperature,80,80.0,1626109024663,100.0
process_data_read37:temperature,81,81.0,1626109024764,101.0
process_data_read37:temperature,82,82.0,1626109024864,100.0
process_data_read37:temperature,83,83.0,1626109024964,100.0
