PV Name,Value Written,Value Read,Time,Delta
process_data_read592:temperature,1184,1184.0,1626109035161,0.0
process_data_read592:temperature,1185,1185.0,1626109035449,288.0
process_data_read592:temperature,1186,1186.0,1626109035549,100.0
process_data_read592:temperature,1187,1187.0,1626109035650,101.0
process_data_read592:temperature,1188,1188.0,1626109035750,100.0
process_data_read592:temperature,1189,1189.0,1626109035850,100.0
process_data_read592:temperature,1190,1190.0,1626109035951,101.0
process_data_read592:temperature,1191,1191.0,1626109036051,100.0
process_data_read592:temperature,1192,1192.0,1626109036159,108.0
process_data_read592:temperature,1193,1193.0,1626109036302,143.0
