PV Name,Value Written,Value Read,Time,Delta
process_data_read516:temperature,1032,1032.0,1626110771089,0.0
process_data_read516:temperature,1033,1032.0,1626110771089,0.0
process_data_read516:temperature,1034,1032.0,1626110771089,0.0
process_data_read516:temperature,1035,1032.0,1626110771089,0.0
process_data_read516:temperature,1036,1032.0,1626110771089,0.0
process_data_read516:temperature,1037,1032.0,1626110771089,0.0
process_data_read516:temperature,1038,1032.0,1626110771089,0.0
process_data_read516:temperature,1039,1032.0,1626110771089,0.0
process_data_read516:temperature,1040,1032.0,1626110771089,0.0
process_data_read516:temperature,1041,1034.0,1626110771676,587.0
process_data_read516:temperature,1042,1035.0,1626110771737,61.0
process_data_read516:temperature,1043,1042.0,1626110772145,408.0
process_data_read516:temperature,1044,1044.0,1626110772260,115.0
process_data_read516:temperature,1045,1045.0,1626110772310,50.0
process_data_read516:temperature,1046,1046.0,1626110772360,50.0
process_data_read516:temperature,1047,1047.0,1626110772410,50.0
process_data_read516:temperature,1048,1048.0,1626110772461,51.0
process_data_read516:temperature,1049,1049.0,1626110772511,50.0
process_data_read516:temperature,1050,1050.0,1626110772561,50.0
process_data_read516:temperature,1051,1051.0,1626110772611,50.0
