PV Name,Value Written,Value Read,Time,Delta
process_data_read773:temperature,1546,1546.0,1626110776166,0.0
process_data_read773:temperature,1547,1546.0,1626110776166,0.0
process_data_read773:temperature,1548,1548.0,1626110776747,581.0
process_data_read773:temperature,1549,1549.0,1626110776805,58.0
process_data_read773:temperature,1550,1550.0,1626110776856,51.0
process_data_read773:temperature,1551,1551.0,1626110776906,50.0
process_data_read773:temperature,1552,1552.0,1626110776957,51.0
process_data_read773:temperature,1553,1553.0,1626110777007,50.0
process_data_read773:temperature,1554,1554.0,1626110777058,51.0
process_data_read773:temperature,1555,1555.0,1626110777115,57.0
process_data_read773:temperature,1556,1556.0,1626110777166,51.0
process_data_read773:temperature,1557,1557.0,1626110777217,51.0
process_data_read773:temperature,1558,1558.0,1626110777267,50.0
process_data_read773:temperature,1559,1559.0,1626110777317,50.0
process_data_read773:temperature,1560,1560.0,1626110777367,50.0
process_data_read773:temperature,1561,1561.0,1626110777421,54.0
process_data_read773:temperature,1562,1562.0,1626110777477,56.0
process_data_read773:temperature,1563,1563.0,1626110777534,57.0
process_data_read773:temperature,1564,1564.0,1626110777613,79.0
process_data_read773:temperature,1565,1565.0,1626110777663,50.0
