PV Name,Value Written,Value Read,Time,Delta
process_data_read172:temperature,344,344.0,1626109249832,0.0
process_data_read172:temperature,345,345.0,1626109250257,425.0
process_data_read172:temperature,346,346.0,1626109250358,101.0
process_data_read172:temperature,347,347.0,1626109250458,100.0
process_data_read172:temperature,348,348.0,1626109250559,101.0
process_data_read172:temperature,349,349.0,1626109250659,100.0
process_data_read172:temperature,350,350.0,1626109250759,100.0
process_data_read172:temperature,351,351.0,1626109250859,100.0
process_data_read172:temperature,352,352.0,1626109250962,103.0
process_data_read172:temperature,353,353.0,1626109251066,104.0
