PV Name,Value Written,Value Read,Time,Delta
process_data_read1280:temperature,2560,2560.0,1626109274379,0.0
process_data_read1280:temperature,2561,2561.0,1626109274771,392.0
process_data_read1280:temperature,2562,2562.0,1626109274872,101.0
process_data_read1280:temperature,2563,2563.0,1626109274972,100.0
process_data_read1280:temperature,2564,2564.0,1626109275072,100.0
process_data_read1280:temperature,2565,2565.0,1626109275173,101.0
process_data_read1280:temperature,2566,2566.0,1626109275273,100.0
process_data_read1280:temperature,2567,2567.0,1626109275375,102.0
process_data_read1280:temperature,2568,2568.0,1626109275477,102.0
process_data_read1280:temperature,2569,2569.0,1626109275586,109.0
