PV Name,Value Written,Value Read,Time,Delta
process_data_read291:temperature,582,582.0,1626108612898,0.0
process_data_read291:temperature,583,583.0,1626108613182,284.0
process_data_read291:temperature,584,584.0,1626108613283,101.0
process_data_read291:temperature,585,585.0,1626108613384,101.0
process_data_read291:temperature,586,586.0,1626108613484,100.0
process_data_read291:temperature,587,587.0,1626108613584,100.0
process_data_read291:temperature,588,588.0,1626108613685,101.0
process_data_read291:temperature,589,589.0,1626108613788,103.0
process_data_read291:temperature,590,590.0,1626108613890,102.0
process_data_read291:temperature,591,591.0,1626108613990,100.0
