PV Name,Value Written,Value Read,Time,Delta
process_data_read299:temperature,598,598.0,1626164427515,0.0
process_data_read299:temperature,599,599.0,1626164427729,214.0
process_data_read299:temperature,600,600.0,1626164427829,100.0
process_data_read299:temperature,601,601.0,1626164427930,101.0
process_data_read299:temperature,602,602.0,1626164428030,100.0
process_data_read299:temperature,603,603.0,1626164428130,100.0
process_data_read299:temperature,604,604.0,1626164428231,101.0
process_data_read299:temperature,605,605.0,1626164428331,100.0
process_data_read299:temperature,606,606.0,1626164428438,107.0
process_data_read299:temperature,607,607.0,1626164428541,103.0
